"baseMean"	"log2FoldChange"	"lfcSE"	"stat"	"pvalue"	"padj"
"NM_001305290.1"	145.563665890692	0.45767795072559	0.116257721199674	3.9367531549971	8.25914859231349e-05	0.0095688481510296
"NM_001305310.1"	59.6545452772335	-1.56964264279211	0.264546220376368	-5.93333989258662	2.96833454285973e-09	1.75702571594659e-06
"NM_001305333.1"	594.190557882597	1.67505680133883	0.156362895194052	10.712623344944	8.8808939108717e-27	5.46707829153262e-23
"NM_001305339.1"	20.2568550710055	-1.09515737519477	0.268653351865523	-4.07647017090993	4.57245180763741e-05	0.0062338884506866
"NM_001305362.1"	318.662454996357	1.19200054464052	0.21136362364743	5.63957280855887	1.70472559540575e-08	8.19866466040455e-06
"NM_001305373.1"	213.134795127986	1.06030623106812	0.306820341352736	3.45578857774992	0.000548685507423195	0.0337770798369719
"NM_001308861.1"	14.2736008461098	-0.824185543149049	0.244108480144141	-3.37630852751361	0.000734654866352603	0.0414911500666663
"NM_001308879.1"	70.2992503877755	-0.798278473335248	0.214877196963972	-3.71504507976755	0.000203167471194235	0.0174192054689654
"NM_001308913.1"	1510.31091834316	8.04084741301576	0.794883332034312	10.1157579848066	4.70361898253727e-24	2.06824846117853e-20
"NM_001308924.1"	247.18353003673	5.51631688199431	0.690642899135787	7.98722015226243	1.38015494540569e-15	2.23585101155721e-12
"XM_011413623.3"	27.1582382142195	-0.668505400030115	0.187649017139767	-3.56253078337303	0.000367296823226231	0.0255772925467114
"XM_011413703.3"	320.679254558709	-1.09215648788262	0.206466218116569	-5.28975876947578	1.22477788122786e-07	4.39791176881155e-05
"XM_011413735.3"	6.28860256658557	4.00817252790209	1.19724715682639	3.34782380150041	0.000814487773465077	0.0442931690234189
"XM_011413737.3"	34.1515891224223	-1.36276820284112	0.264916104645301	-5.14415008731065	2.68734630556146e-07	9.19072436502021e-05
"XM_011413814.3"	65.1581448109054	-0.383990090204946	0.114909052047937	-3.34168704172022	0.000832708911970613	0.0448875311916908
"XM_011413957.2"	175.545969611951	0.474865070085132	0.131925241680691	3.5995012329368	0.000318828121674281	0.0235902153488807
"XM_011413989.3"	11.4106775784772	-2.7195055826212	0.629338467078923	-4.32121302745689	1.5517377071325e-05	0.00287725823045412
"XM_011414589.3"	15.9181591220482	0.895151970901345	0.246866384342878	3.62605857935704	0.000287780098093314	0.0220812255482026
"XM_011414951.3"	29.2120579961204	-0.665923146688507	0.180958452365659	-3.67997812748139	0.000233253959689443	0.0192481417674023
"XM_011415190.3"	15.7967749620437	-0.933912310402741	0.277867453515572	-3.36099927712622	0.000776610287974284	0.0431481311621814
"XM_011416606.3"	158.904683908659	1.05194479467365	0.228778875107746	4.59808535284661	4.26391319672898e-06	0.00100061605838761
"XM_011416726.3"	31.3715812268207	0.887634890182166	0.154049564488182	5.76200843625404	8.31188426695586e-09	4.19409504486724e-06
"XM_011416892.3"	17.5852612757563	0.943562762447367	0.266748413677573	3.53727600265275	0.000404276949499356	0.0275301869592703
"XM_011416960.3"	6.38375022639138	-1.31258711815819	0.386780273698598	-3.39362477203538	0.000689741294293903	0.0399816140082229
"XM_011417063.3"	6.18571554386075	6.27911701400233	1.45728808818569	4.30876850288384	1.64166089897704e-05	0.00298995990949783
"XM_011417064.3"	7.55769840537192	-4.46336936849557	1.06165624412848	-4.20415684754869	2.62057176440941e-05	0.00426778830203819
"XM_011417316.3"	27.022078882148	-3.2659636029247	0.991556574079276	-3.29377434258591	0.000988518232429125	0.0499615618951863
"XM_011417317.3"	24.1682619876789	3.24879929893158	0.678566056867568	4.78774213070554	1.68668179293731e-06	0.00046353629988045
"XM_011417325.3"	20.1656355654798	-1.40776120913679	0.314871761718647	-4.47090333363933	7.78899006918378e-06	0.0016946215647056
"XM_011417799.3"	124.209550369282	-0.650609697119001	0.165278028127315	-3.9364560703606	8.26937494533422e-05	0.0095688481510296
"XM_011417800.3"	30.0719969196353	0.618987470735099	0.187093269670916	3.30844327978155	0.000938161863164417	0.0487769044653888
"XM_011417830.3"	31.2622617847121	0.70910711344023	0.202161396173617	3.50762869104467	0.000452119615866665	0.029744071806656
"XM_011417902.3"	10.5454735475683	1.31032863263118	0.277217567884876	4.72671570791409	2.2818037769441e-06	0.000590201010540667
"XM_011417904.3"	28.1171683147408	0.613077994510513	0.153665636077026	3.98968832695427	6.61601720107785e-05	0.00801553416111054
"XM_011417908.2"	20.4737849208005	-0.664558847673158	0.174267673851126	-3.81343730014369	0.00013704730588945	0.0136515083342306
"XM_011418768.3"	167.40001417852	-0.804084573408601	0.206793590428321	-3.88834379123231	0.000100930596163799	0.0109775397523736
"XM_011418872.3"	63.616986836875	0.761065373127145	0.187692070247718	4.05486162586773	5.01639893085627e-05	0.00657648783531063
"XM_011418954.3"	16.3185542234528	-1.1262904397965	0.259339503949868	-4.34291892535669	1.40602031649891e-05	0.00265306819098997
"XM_011419041.3"	50.1016217892374	-0.803747707580997	0.175276518559662	-4.58559831166095	4.52688199486521e-06	0.00104764983309738
"XM_011419098.3"	15.8238868220996	0.879335171445984	0.193709527652451	4.53945235478384	5.64005224901308e-06	0.0012764765310634
"XM_011419179.3"	53.0390220106823	0.902458606612233	0.139645882045577	6.46247918945216	1.030013147537e-10	7.92595117029724e-08
"XM_011419181.3"	138.834818907147	0.499060660891483	0.130231443391839	3.83210573340506	0.000127051110062945	0.0128217480909424
"XM_011419576.3"	2909.48226977751	0.532440616672316	0.0893764733461622	5.9572793234986	2.56471679872897e-09	1.54788202087996e-06
"XM_011419645.3"	27.6642475000923	2.78210057869011	0.737402178538323	3.7728401944849	0.00016139967278197	0.0150087067318098
"XM_011419848.3"	2813.84674161899	-1.10900366200726	0.322111167729921	-3.44292211233457	0.000575465024169151	0.0350748781067851
"XM_011419981.3"	7.95601168530655	-3.17023809947314	0.944503453537682	-3.35651297790269	0.000789320163882303	0.0434468403544166
"XM_011420357.3"	27.5562603948925	1.14697413454434	0.179183787441194	6.4011044242536	1.54257021428323e-10	1.15805637062531e-07
"XM_011420371.3"	794.410493860241	4.38564010743229	0.5621578915803	7.80143830250906	6.1205529258435e-15	8.97098185987919e-12
"XM_011420372.3"	22.1634871290064	2.88484563449633	0.766894673134255	3.76172339639044	0.000168746606902624	0.0153393075878925
"XM_011420501.3"	42.7227654374077	-0.570653122671039	0.173203539402973	-3.29469665942198	0.000985279752593935	0.0498853107213599
"XM_011420610.3"	11.1652075506263	-3.1982777083515	0.836508421521551	-3.82336582163041	0.000131642243268146	0.0131985284944415
"XM_011420631.3"	19.510618085445	1.62176008922574	0.474596796425281	3.41713239836642	0.000632844947399037	0.0373876535142847
"XM_011420662.3"	12.7689878132476	-0.82922176952442	0.248528881292866	-3.33652075046871	0.000848340955359093	0.0454911752716949
"XM_011420824.3"	10.6742933870933	2.73043677739787	0.591439541279962	4.61659491262422	3.90087656990056e-06	0.000938038912668276
"XM_011420913.3"	109.653684508747	0.664704350887313	0.194601827916281	3.41571483682708	0.000636148266734354	0.0375108115901981
"XM_011420959.3"	27.5418649401072	1.30427538109937	0.211068139829999	6.17940434851929	6.43439039448596e-10	4.4011230298284e-07
"XM_011420983.3"	31.1170423067451	-1.01902966439221	0.244484960267881	-4.16806687526162	3.07193816164676e-05	0.00482419676609629
"XM_011421012.3"	29.3682858387456	-0.703038971632056	0.174957423633139	-4.01834318906197	5.86087931273196e-05	0.00726133087569523
"XM_011421699.3"	5.18585836400309	2.04380254810803	0.571225082251683	3.57792858123749	0.000346328047195393	0.0249586038383061
"XM_011422329.3"	4.03070833316536	3.18294786774131	0.853150558453782	3.73081613345008	0.00019086048280724	0.0166894479000195
"XM_011422342.3"	75.1303332484289	-1.15782491645869	0.166076856230718	-6.97162110806219	3.1330943430679e-12	2.83637187881264e-09
"XM_011422632.3"	22.3575286846792	-1.56658093334793	0.381708675541691	-4.10412713602791	4.05844245821597e-05	0.00589048824354442
"XM_011422990.3"	338.181484353126	0.63291685137717	0.179957424414363	3.51703661817164	0.000436393574243864	0.0289625757764999
"XM_011423572.3"	32.3554667165734	0.729046551157436	0.184843120318643	3.94413678962281	8.00879361105213e-05	0.00940880409725895
"XM_011423912.3"	1.93561607548133	-1.95341014168126	0.592672164570539	-3.29593704319948	0.000980939950212604	0.0498853107213599
"XM_011424137.3"	18.2717100862273	0.721173957104291	0.170537087672293	4.22883940934955	2.34899937081647e-05	0.00392946742574625
"XM_011424142.3"	43.174393147907	-1.01132751482608	0.23846407038428	-4.24100583872593	2.22520347507804e-05	0.0037840753018178
"XM_011424173.3"	109.932242467239	0.784875659087443	0.195824251273707	4.0080615857451	6.12191579022687e-05	0.00753730272092732
"XM_011424596.3"	20.3084929370424	-0.621133420570867	0.171353330318519	-3.62486926525604	0.000289107663935207	0.0220812255482026
"XM_011424712.3"	148.67819117184	-0.746072500095174	0.136086654089011	-5.4823340693437	4.19750636447033e-08	1.76985268353968e-05
"XM_011425176.3"	25.5528741027358	-1.04433342395773	0.203757134617455	-5.12538334384424	2.96932971141418e-07	9.88482599217125e-05
"XM_011425181.3"	105.639831106467	-0.517301374274796	0.150313710116859	-3.44147831806312	0.000578544835278237	0.03519290519736
"XM_011425228.3"	188.826710829778	-0.641809925031032	0.165385472531103	-3.88069106196937	0.000104160081670346	0.0112492888203974
"XM_011425478.3"	57.806279609047	-0.701439646791427	0.129123095859802	-5.4323329387411	5.56220193341713e-08	2.22668668781008e-05
"XM_011425483.3"	291.185484403512	-1.1323420743396	0.232813159525287	-4.86373741350568	1.15189709193891e-06	0.000328290671202589
"XM_011425751.3"	136.738626762813	-0.389568293255428	0.105664787814	-3.68683173756217	0.00022706338386787	0.0190436265816159
"XM_011425772.3"	27.7498535174628	-0.620034611431308	0.162851147289744	-3.80737023809937	0.00014045239358562	0.0138118999187393
"XM_011425989.3"	32.0896466928906	1.19774421191915	0.23955636070845	4.99984307816754	5.73769924353909e-07	0.000171462507491391
"XM_011426213.3"	6.71745065045788	1.5183145295509	0.373443803253636	4.06571086820175	4.78862739227502e-05	0.00642496367791381
"XM_011426240.3"	69.9724647907577	0.655768314623233	0.161241703264491	4.0669895030044	4.7624387398619e-05	0.00642496367791381
"XM_011426321.3"	4.3685651661095	-2.01770206483997	0.544714090931909	-3.70414883409393	0.000212101706486527	0.0179848223847253
"XM_011426616.3"	6.92442578610667	-1.13831281143132	0.326808923194549	-3.48311423171787	0.000495616838299656	0.0315204629009828
"XM_011426647.3"	31.7146047925537	-0.443665518078863	0.129719361048969	-3.42019506179483	0.000625762481114163	0.0370403253244114
"XM_011426829.3"	13.4005292512052	-6.83517716056674	1.40623649672931	-4.86061709852097	1.17020400056512e-06	0.000330448432453159
"XM_011426889.3"	27.239052870468	-0.723213280418157	0.21546163224419	-3.35657570624229	0.000789141128706274	0.0434468403544166
"XM_011427084.3"	121.936026318095	0.672936280430983	0.142120725485168	4.73496232258687	2.19095796740978e-06	0.000571505815566722
"XM_011427263.3"	3.50229728405883	3.44817933068742	0.794193044105459	4.34173952577397	1.41359058909147e-05	0.00265306819098997
"XM_011427409.3"	40.3391520311118	-0.609745185277825	0.181849228268861	-3.35302597147307	0.000799332056208341	0.0436350131645309
"XM_011427593.3"	30.5017814092322	-0.772646546356702	0.222620007866848	-3.47069678848826	0.000519109812366272	0.0324760163102314
"XM_011428050.3"	8.11974939833802	-4.0302399539338	0.922587414971183	-4.36840985312994	1.25154456967598e-05	0.00245366508628196
"XM_011428302.3"	5.52035741805338	2.34019084907155	0.594664256052096	3.93531446569161	8.30878312319723e-05	0.00957843987011276
"XM_011428362.3"	43.2947236816894	-2.03767383707995	0.588912545998089	-3.4600618562583	0.000540051314915409	0.0333121833128182
"XM_011428813.3"	5.79066182207563	2.22113029824121	0.620543947175426	3.57932795630557	0.000344478944478229	0.0248898166925819
"XM_011429405.3"	71.6087194877023	-0.531759760789959	0.158793486490576	-3.34875045911608	0.000811768730928022	0.0442234363503797
"XM_011429412.3"	35.2528794145837	-2.54849206403409	0.761717761880637	-3.34571699856651	0.000820701130646866	0.0444739098614622
"XM_011429964.3"	21.5903064782037	-1.07874667456615	0.302502353857632	-3.56607696042538	0.000362364997990036	0.0254440437100678
"XM_011430087.3"	73.4840172785306	0.68098532537632	0.164204214049413	4.14718543807527	3.3658744193601e-05	0.00520611128783437
"XM_011430224.3"	83.1508041295651	-3.61182460047669	0.726436161292536	-4.9719779836541	6.62732329724737e-07	0.000196143279893533
"XM_011430225.3"	10.308493344139	22.2330297237043	2.94686666064156	7.54463377004781	4.53560263556327e-14	5.17058700454213e-11
"XM_011430243.2"	251.423041975478	-1.90089956705426	0.427315170157517	-4.44847199399344	8.6483322707164e-06	0.00179861937359899
"XM_011430257.3"	25.145809120747	-0.665626309455102	0.185853882552781	-3.58144957916641	0.00034169308739671	0.0248898166925819
"XM_011430301.3"	61.4335886312835	-2.79406636435318	0.59590498250899	-4.6887783226599	2.74840919043842e-06	0.000699140784146236
"XM_011430339.3"	20.0611912473876	1.71293771847683	0.426336265879015	4.01780907600041	5.87417604953903e-05	0.00726133087569523
"XM_011430436.3"	29.2255982397947	-0.764340038200537	0.215383409053128	-3.54874148181024	0.000387076896940412	0.0265942564460399
"XM_011430500.3"	27.4026504385257	-24.2018438743975	2.66289952134462	-9.08853063377204	1.00386497412176e-19	2.80899671849707e-16
"XM_011430508.3"	4.18630670452933	-3.49536561927854	0.980902366874362	-3.56341847804537	0.000366056412236286	0.0255492434662877
"XM_011430645.3"	22.5027932453399	0.789558079814634	0.189065384882077	4.17611124483253	2.96534842791063e-05	0.00470481570160254
"XM_011430696.3"	68.0772176914113	0.775653377666442	0.221234869717046	3.50601773878811	0.000454864904135745	0.0297888122325494
"XM_011430699.3"	45.2153499116532	-0.942333602845538	0.214423798505563	-4.39472488321341	1.10913131474619e-05	0.00224599091236103
"XM_011430921.3"	22.4642971932118	1.8405586620125	0.446575816854875	4.12149201220772	3.76426525405381e-05	0.00565190656194031
"XM_011430923.3"	98.4341951723445	0.545879172174586	0.103248426653718	5.2870459131101	1.24307447656467e-07	4.39791176881155e-05
"XM_011431087.3"	41.8884256107921	0.656992323104218	0.145534462635434	4.51434190367675	6.35136811386559e-06	0.00141663123583176
"XM_011431174.3"	229.475016590258	0.908774480863723	0.225107912350344	4.03706147587279	5.41248893143409e-05	0.00694151705456422
"XM_011431272.3"	46.5683471484996	-0.70035554215082	0.200249045839359	-3.49742261799664	0.000469776977548649	0.0304250753104681
"XM_011431577.3"	119.717226313579	2.0470777986013	0.527067551476628	3.88390025693333	0.000102794090514035	0.011140852485993
"XM_011431655.3"	1021.45269146919	-3.68031321946742	0.493093324177883	-7.46372550389618	8.41097338260662e-14	8.62965869055439e-11
"XM_011431825.3"	15.3681460869232	-0.807360995786293	0.219297085076095	-3.68158562393177	0.000231787918590123	0.0192097453714178
"XM_011431987.3"	115.612157906135	2.17028254062637	0.512447653902627	4.23513021105324	2.28419307233049e-05	0.00386304740474354
"XM_011431991.3"	18.4074967029419	1.8378335434482	0.455810184919104	4.03201508929505	5.53006355241128e-05	0.00700013983740779
"XM_011432386.3"	13.0386680068271	-4.01226125243085	0.917191484064333	-4.37450774690078	1.21706801293857e-05	0.00240136881014417
"XM_011432388.3"	62.6708929292407	-2.07606807251674	0.505973780945029	-4.10311393732533	4.07626379426563e-05	0.00589048824354442
"XM_011432500.3"	18.7471282716884	1.80883189647765	0.459410373791192	3.93729005627501	8.24069749795641e-05	0.0095688481510296
"XM_011432571.3"	9.16195267102872	2.81429517068454	0.779126212009229	3.61211717345122	0.000303707270747956	0.0227447926852119
"XM_011432647.3"	266.728859304474	0.461538768183158	0.118140947886597	3.9066790680077	9.35733042685738e-05	0.0105116288517763
"XM_011432819.3"	25.1588320081871	0.668505206700529	0.201623697076752	3.31560831585213	0.000914438961309477	0.047705815642552
"XM_011432843.3"	41.8954722466534	-0.673695788337518	0.188929741048283	-3.56585355275192	0.000362673864161088	0.0254440437100678
"XM_011432913.3"	17.5775750691216	0.942777653387783	0.279407658898683	3.37420118368926	0.000740302414431478	0.0416572364098737
"XM_011433143.3"	392.777586220684	-1.46926388494085	0.390877105071117	-3.75888959951628	0.000170669120139789	0.015405265448395
"XM_011433170.3"	9.59639025787324	-1.68953156116636	0.437949099735893	-3.85782631402882	0.000114399892769167	0.0118960429034965
"XM_011433250.3"	5.38842731266725	3.08912392957085	0.747301973413427	4.1337023579113	3.56965709919268e-05	0.00546637042353983
"XM_011433640.3"	9.35031551619732	5.89297065539991	1.05387933390032	5.59169391204449	2.24864973448184e-08	1.03303640040822e-05
"XM_011433641.3"	12.7237064890238	5.25244503654718	1.39550470614371	3.76383183333118	0.000167329431750444	0.0152830857842097
"XM_011433645.3"	236.528559031227	1.92474262193983	0.403714761217015	4.7675804970262	1.86451507643416e-06	0.00049984312489379
"XM_011433685.2"	44.4332114135991	1.47891931168827	0.369717906571879	4.00012897779606	6.33079703148829e-05	0.0077206329186232
"XM_011433770.3"	35.3336228722424	0.6821435851682	0.169116623333127	4.0335690940595	5.49360175964987e-05	0.00700013983740779
"XM_011433782.3"	29.9286558582063	0.646480555218209	0.193304258964521	3.34436788243172	0.00082470299322697	0.0446122287021549
"XM_011433858.3"	181.243853220805	-0.782728696916344	0.18398925406767	-4.25420876280341	2.09789509605957e-05	0.00358740061426186
"XM_011434034.3"	16.8747915961869	0.974851479307924	0.267227650409819	3.64801875035348	0.000264270355973424	0.0208578055027407
"XM_011434093.3"	4.45002827364944	3.05338696878619	0.819540078748343	3.72573233202887	0.000194748979908821	0.0168381280943638
"XM_011434186.3"	311.92274088448	0.944151003416531	0.253050120440689	3.73108300352627	0.000190658388681614	0.0166894479000195
"XM_011434432.3"	29.7285311155629	0.683310690401896	0.168584513225223	4.05322337935642	5.05167243182723e-05	0.00658857955303569
"XM_011434464.3"	43.6461824914286	3.00002206809999	0.87078477617791	3.44519351988195	0.000570650684742305	0.034919737726378
"XM_011434591.3"	66.85596181973	-0.635350801639054	0.172587246466647	-3.68133112177461	0.00023201944765056	0.0192097453714178
"XM_011434717.3"	9.82164546141336	1.7208518231527	0.521885387631721	3.29737498679893	0.000975931090069406	0.0498161840005578
"XM_011434867.3"	503.615940816812	0.661710991692246	0.0878446947426446	7.53273710644492	4.96875870224016e-14	5.46208545910543e-11
"XM_011435315.3"	456.128724354774	0.601165249654386	0.158993075705576	3.78107818209407	0.000156150622438624	0.0146534029227465
"XM_011435365.3"	16.4290113181691	-0.617293473987328	0.186334129230405	-3.31283096948942	0.00092356778769362	0.0481005355418099
"XM_011435569.3"	1621.28548174059	0.579449601011326	0.174550363638247	3.31966997337357	0.000901239220356798	0.0474380763391272
"XM_011435952.3"	8.85492774722867	0.975795498966301	0.292415053039416	3.33702211573482	0.000846812096115888	0.0454884403463299
"XM_011436004.3"	12.4498959988064	-0.761049867667038	0.211255703490803	-3.60250566063496	0.000315164535065243	0.0233753358778511
"XM_011436622.3"	114.104085038121	0.445273317013352	0.107900250841612	4.12671252884272	3.67985922012384e-05	0.00557960920174442
"XM_011436623.3"	1404.61908319772	0.750035552926461	0.215338287033234	3.48305711566612	0.000495722591302817	0.0315204629009828
"XM_011436760.3"	78.7985303039338	-0.555536687839559	0.152284892607649	-3.64800919071374	0.0002642801866819	0.0208578055027407
"XM_011436951.3"	119.93840183359	-0.497807102846476	0.147254456029892	-3.38059109562988	0.000723300945014294	0.0411868899318412
"XM_011437136.3"	5.79016414873136	-5.37008448633046	1.42450613156301	-3.76978685268153	0.000163387024346499	0.0150587404481553
"XM_011437363.3"	5.21041199720254	-2.28059440035027	0.589646563651888	-3.86773118158401	0.000109852667060034	0.0116300630437537
"XM_011437364.3"	3.76680144175667	2.03870310506113	0.555035137959595	3.67310637765342	0.000239619670278128	0.0196156740722361
"XM_011437548.3"	24.0975547182401	3.13546553914891	0.659991123932545	4.7507692534807	2.02644267374343e-06	0.000533110303400194
"XM_011437549.3"	12.46301629998	1.75501281659279	0.46074905838781	3.80904265487528	0.000139505892269785	0.0138070461867009
"XM_011437557.3"	71.791219293289	-0.663476922088234	0.199733436375781	-3.32181198164517	0.000894349370060597	0.0472753723724147
"XM_011437582.3"	84.4639776959784	-0.601109509512056	0.169329416359741	-3.54994142444214	0.000385316875491947	0.0265325580036737
"XM_011437603.3"	117.230655951496	3.94877849024708	0.506721260849324	7.79280206958054	6.55392460681812e-15	9.16953633626644e-12
"XM_011437870.3"	3.07958374911023	-2.20689164075191	0.637517795327627	-3.46169417846252	0.000536786736977726	0.03324405586353
"XM_011437990.3"	1596.25906829637	8.77214297981399	0.812530523710944	10.7960780842427	3.59221603015153e-27	2.7642102352016e-23
"XM_011438030.3"	76.5494215969042	0.812794461864288	0.146770217377246	5.5378705325151	3.0617145093833e-08	1.35991706671545e-05
"XM_011438102.3"	249.18940328778	3.05443702714137	0.447621949499609	6.82369805715714	8.87262713325269e-12	7.58609619893105e-09
"XM_011438148.3"	42.4470444977731	-0.637493046687922	0.178973396028979	-3.56194306434628	0.000368120227361702	0.0255772925467114
"XM_011438370.3"	6.70859605614498	2.35183401289733	0.679552983131549	3.46085451948058	0.000538463717295193	0.0332809502376427
"XM_011438573.3"	17.8831943222021	1.22752603832206	0.342878047277577	3.58006599742537	0.00034350743744115	0.0248898166925819
"XM_011439059.3"	36.458252193834	-0.807907106090175	0.232368835716936	-3.47683071870421	0.000507378052797222	0.03200224685471
"XM_011440038.3"	10.3119734033017	1.96328189935512	0.539662563560429	3.63798053065299	0.000274784191254759	0.0214666431645215
"XM_011440133.3"	142.041133531221	-0.787944054051167	0.232630250144131	-3.38710917244417	0.000706332746333998	0.0405378461422565
"XM_011440434.3"	20.0834488591466	0.97624394424523	0.231348738074327	4.21979368623824	2.44525990907266e-05	0.0040683837838517
"XM_011440442.3"	31.7623117230593	-0.837684243968151	0.210920393014071	-3.97156591639893	7.14017376837671e-05	0.00848550380658823
"XM_011440790.3"	620.570512541393	-0.453273510298826	0.115688911326162	-3.91803765030608	8.92727647885585e-05	0.0101022636036464
"XM_011441056.3"	143.19509372826	0.728876848787184	0.152892291092399	4.76725702505626	1.86751005077277e-06	0.00049984312489379
"XM_011441100.3"	40.4725470746313	0.737265889753585	0.218481732988344	3.37449671269733	0.000739507991840481	0.0416572364098737
"XM_011441269.3"	31.1778467469716	-1.21963379232731	0.2915755368148	-4.18290850340433	2.87803242100818e-05	0.00461462605075033
"XM_011441367.3"	7.66600698831896	-1.34259311001747	0.363274870159922	-3.69580507846973	0.000219191097387406	0.0184841150070804
"XM_011441514.3"	13.23265563876	0.841248641576949	0.229800605635341	3.66077643377444	0.000251452098249555	0.0202080824650686
"XM_011441523.3"	3.77674655103734	-1.41829519687696	0.377505066497218	-3.75702294551168	0.000171946735939044	0.015475206234514
"XM_011441619.3"	6.03596701758108	2.92022323739024	0.883474262490674	3.3053857496172	0.000948457636414476	0.0489003786412689
"XM_011441686.3"	18.0967637951077	-4.53422949781847	1.26278960149858	-3.59064526064961	0.000329860331220068	0.0242317446180279
"XM_011441767.3"	15.9627173837697	5.57705717900294	1.56078640198804	3.57323537154041	0.000352597557346166	0.0252117225176564
"XM_011442016.3"	261.494493925862	-0.450052905354061	0.105435893090126	-4.26849806231885	1.96793536921919e-05	0.00339257278544706
"XM_011442020.3"	26.6152103361526	-0.892335135636157	0.219565351877143	-4.06409812844907	4.82185383235247e-05	0.00642496367791381
"XM_011442175.3"	6.1158219073336	-5.94732863102558	1.77208705749422	-3.35611538150686	0.000790455834908164	0.0434468403544166
"XM_011442247.3"	12.0595264812071	-1.61111950961637	0.431560550246956	-3.73324092921474	0.000189031617151792	0.0166264636050473
"XM_011442617.3"	872.461039442134	0.402428500840874	0.10675179228157	3.76975872947802	0.000163405435662244	0.0150587404481553
"XM_011443066.3"	1289.26964945695	0.735862656435923	0.131168297060533	5.61006487792037	2.02250778613155e-08	9.57735225494292e-06
"XM_011443186.3"	37.0380047383666	-1.12287853464052	0.297770739074836	-3.77094988624224	0.000162627332520018	0.0150587404481553
"XM_011443323.3"	34.8508747330611	0.543965874893276	0.159555958400787	3.4092482684156	0.000651421668721186	0.0381919218347393
"XM_011443599.3"	19.9437845753423	-0.831432446769643	0.222298690509004	-3.74015899448569	0.000183903889443788	0.0163600049626584
"XM_011443620.3"	146.038150865083	0.766764862448534	0.187312430184219	4.09350763157807	4.24896085003509e-05	0.00602686704903595
"XM_011443836.3"	33.6315040429903	-0.635427770577765	0.151911907329091	-4.18287007088403	2.87851917395732e-05	0.00461462605075033
"XM_011444212.3"	4.25333396741683	-1.86210172756165	0.512959455888739	-3.63011482912508	0.000283295160673516	0.0218541981090998
"XM_011444215.2"	4.25333396741683	-1.86210172756165	0.512959455888739	-3.63011482912508	0.000283295160673516	0.0218541981090998
"XM_011444354.3"	22.3766998242395	-2.7646287793608	0.78806532127056	-3.50812135078285	0.000451283147077103	0.029744071806656
"XM_011444450.3"	57.2980392790194	-1.16009788300867	0.313686912608038	-3.6982667633898	0.000217076687274878	0.0183561000942877
"XM_011444504.3"	6.53936908368688	-1.27041109020527	0.338481722565016	-3.75326348666063	0.000174547216812652	0.0156634499518759
"XM_011444981.3"	20.5675094685033	0.806875336741728	0.209575703374978	3.85004236535019	0.000118097395679939	0.0121334367817287
"XM_011445239.3"	20.8969413451476	0.879471038514374	0.218756601251559	4.020317711478	5.81197065187554e-05	0.00726133087569523
"XM_011445240.3"	15.3178353043882	1.40820505169645	0.426340002154629	3.30300943983601	0.000956531677892248	0.0489884276963783
"XM_011445288.3"	136.012086775855	-0.494141525275092	0.143736629152045	-3.43782603077736	0.000586404312010925	0.0355305604797171
"XM_011445572.3"	7.19881893404519	-3.9664054722478	1.07573409719305	-3.6871616160513	0.000226769343780999	0.0190436265816159
"XM_011445615.3"	57.3480052586296	-0.68485750483545	0.206309850021904	-3.31955795984894	0.000901600866094523	0.0474380763391272
"XM_011445887.3"	325.81397374266	0.533678286890548	0.152272899686832	3.50474896050527	0.000457038021966937	0.0298675802890495
"XM_011445894.3"	8.41955236208977	-6.40769947649572	1.34476813304134	-4.76491026152146	1.88937718305984e-06	0.000501336462884326
"XM_011445901.3"	2468.93165817314	0.520628337672032	0.129521498794331	4.01962872973502	5.82899256563829e-05	0.00726133087569523
"XM_011445971.3"	36.5713213156922	-0.649557517917395	0.173457299128976	-3.74476900758388	0.000180559822406684	0.0161559050397609
"XM_011446090.3"	15.7868844967954	0.860618869409811	0.197172953810034	4.36479168557251	1.27243958284046e-05	0.00245827183566819
"XM_011446139.3"	78.5453397985371	0.679542004063872	0.150618183244754	4.51168636763875	6.43142385318123e-06	0.00142416709497063
"XM_011446277.3"	96.5662603444365	-2.20355882915646	0.3396516149206	-6.48770308267659	8.71548208539218e-11	6.87852663047106e-08
"XM_011446311.3"	2.75036687109706	3.98808886072973	1.10511718464597	3.60874748500751	0.000307678910751689	0.0229306461814455
"XM_011446726.2"	4.69679872417313	-5.56455137473188	1.20159479647429	-4.63097159796244	3.6395380102531e-06	0.000889087142504687
"XM_011446920.3"	45.4529757769008	-0.693052688247138	0.169735355293388	-4.08313687533864	4.44318347527464e-05	0.00615182367795198
"XM_011447253.3"	5.23560963221367	-1.83364404358285	0.459696978609338	-3.98881030092896	6.6405497436101e-05	0.00801553416111054
"XM_011447370.3"	75.8450718851486	0.477413230633039	0.131682379036786	3.62549062467706	0.000288413360565401	0.0220812255482026
"XM_011447398.3"	14.7064584370708	-0.775288450439891	0.228499668039015	-3.39295219591967	0.000691437036909323	0.0400045714211823
"XM_011447411.3"	23.0881815609421	-6.21091419645888	1.13122049015068	-5.49045411618348	4.00901632026255e-08	1.71385447691224e-05
"XM_011447610.3"	3.76901109279404	1.36024248746116	0.412744073060614	3.29560755984836	0.000982091002993409	0.0498853107213599
"XM_011447654.3"	148.508243270944	0.598531903387173	0.118842755620401	5.03633477920152	4.74530330013743e-07	0.00014606043557823
"XM_011448021.3"	39.7578531010374	-1.15004208831743	0.308779789393899	-3.72447332312402	0.000195723406655283	0.0168749760696068
"XM_011448254.3"	29.1012413086415	-0.699682297994309	0.211991271874538	-3.30052408199334	0.000965044310533499	0.0493422988010317
"XM_011448478.3"	18.1511450770825	1.2039485757856	0.365423609923598	3.29466554182781	0.000985388853755257	0.0498853107213599
"XM_011448744.3"	14.983394337605	1.04580757614938	0.2639788288045	3.9617100389664	7.44148788424596e-05	0.00880957681065733
"XM_011448822.3"	52.0437340910291	0.478936864075061	0.129954578752468	3.68541738715739	0.000228328138553126	0.0190976633278946
"XM_011448927.3"	85.1027586656585	-0.994230065341777	0.238737378009883	-4.16453457615096	3.11988345854734e-05	0.00487461994183183
"XM_011448982.2"	28.5772732378916	-0.909128472927493	0.215634311265452	-4.21606592936098	2.48601108033777e-05	0.00411394736842992
"XM_011449189.3"	14.1770770844523	-1.81815928442223	0.416829343126422	-4.36187930241465	1.28950004908729e-05	0.0024652677957085
"XM_011449346.3"	34.6346936855581	1.56051341604344	0.170444637067365	9.15554424529458	5.40844911350314e-20	1.66472063713627e-16
"XM_011449438.3"	3.32946770701999	-1.61166579364933	0.438933832516868	-3.67177390817189	0.000240872732736928	0.0196659488425535
"XM_011449497.3"	36.0535936738911	-0.749104273018822	0.191586110115832	-3.91001347940056	9.22909708369104e-05	0.0104055534152385
"XM_011449510.3"	38.9803778640742	0.638582461916076	0.156746685993781	4.07397743606146	4.62169612952724e-05	0.00626677563290081
"XM_011449723.3"	99.6959521145566	1.21037061098932	0.164638790323691	7.35167337302257	1.95740657915502e-13	1.94351530665779e-10
"XM_011449777.3"	9.09864460801599	-3.34503078594656	0.934065244688683	-3.58115324916241	0.000342080921535835	0.0248898166925819
"XM_011450148.3"	66.4392428143293	-0.508192667336803	0.135795046850046	-3.74235054315335	0.000182306962131904	0.016264951578029
"XM_011450198.3"	59.1619749161522	0.769377954245725	0.21271135383446	3.6170046420958	0.000298031960866321	0.0224475594639138
"XM_011450350.3"	32.514796136229	0.786946182262605	0.22073630027962	3.56509636732034	0.00036372252217121	0.0254440437100678
"XM_011450391.3"	93.712845875128	0.798534993118447	0.185671006872041	4.30080606860055	1.70177944640752e-05	0.00308122184473079
"XM_011450479.3"	31.0283203817152	3.49853952547226	0.484710808178359	7.21778732069226	5.28402690458382e-13	4.92855600373e-10
"XM_011450557.3"	2032.53323391673	0.49318128222794	0.119786783692209	4.11715939794462	3.8357079437631e-05	0.00570353094246513
"XM_011450795.3"	175.451832618857	0.652992433897654	0.0899769048016765	7.25733381623822	3.94794561689966e-13	3.79743019025536e-10
"XM_011450825.3"	511.641640041203	1.6094138929794	0.353485131453481	4.55298893721985	5.28890553868438e-06	0.00120587046282004
"XM_011450883.3"	153.869733519799	0.325731236657381	0.0931115919470965	3.49828877206238	0.000468253836678706	0.0304068630653387
"XM_011451275.3"	537.125996462208	0.693421426124511	0.0815308393992706	8.50502007870551	1.81564167911615e-17	3.99181792022823e-14
"XM_011451289.3"	36.8020728780681	-1.27191390152859	0.294786978839913	-4.3146882081902	1.59828318703391e-05	0.00292828312481571
"XM_011452018.3"	10.3920171525656	-0.880016834001532	0.249990987687541	-3.52019423636762	0.000431230875786015	0.0288896172315832
"XM_011452055.3"	46.3433958642253	0.629539479327545	0.169586490141812	3.71220301098931	0.000205463081383966	0.0175670934583291
"XM_011452448.3"	19.389796850216	-0.866558604702696	0.24619436634072	-3.51981492339848	0.000431848024186161	0.0288896172315832
"XM_011452951.3"	43.3182765159677	-1.16404646303209	0.208465548412511	-5.58387931193638	2.35211960615662e-08	1.06468002172795e-05
"XM_011453183.3"	6.09001236709553	3.6967932601705	1.01396699305764	3.64587139964264	0.000266487227443729	0.0209782016898158
"XM_011453270.3"	1607.11210490714	-1.49894760623299	0.43761813841135	-3.42524103702489	0.000614254200697966	0.0367121248494823
"XM_011453340.3"	23.8315294994596	-7.90949474848253	2.23552633489471	-3.53809061652368	0.00040303171783394	0.027506244512037
"XM_011453448.3"	25.3642990026073	0.802536627191245	0.227908767437453	3.52130651319279	0.000429425927354915	0.0288596725851185
"XM_011453524.3"	5.01971763398349	-2.75978150006547	0.804856853159015	-3.42890973622638	0.000606011036642564	0.0363606621985538
"XM_011453578.3"	64.0130453281455	0.89455027175892	0.235654311990479	3.79602759738622	0.000147033137848846	0.0141946703117263
"XM_011453647.3"	17.6948387297658	-0.872955020237721	0.261291055424698	-3.34092959599721	0.000834983934900739	0.0449314781752531
"XM_011453904.3"	61.8628617151095	-1.00176210848242	0.285228497951257	-3.51213891906975	0.000444515580542866	0.0294240635894826
"XM_011453975.3"	36.855460989571	0.767151184922395	0.223492088018848	3.43256529447118	0.000597899893689849	0.03603406407029
"XM_011453979.3"	38.0848280376395	0.672940005953448	0.162102172421808	4.15133243373435	3.30545231475496e-05	0.00513847587111908
"XM_011453981.3"	27.6463649464966	-0.603292548269817	0.138570253687458	-4.35369447782444	1.3386223349088e-05	0.00254338243632672
"XM_011454256.3"	6.91231904702973	-22.3423763011631	2.94672487076888	-7.58210463514817	3.39993891995941e-14	4.18600479825402e-11
"XM_011454280.3"	9.45200561975712	22.1096359050847	2.94704926792131	7.5022959900089	6.27095688143411e-14	6.65586389001868e-11
"XM_011454878.3"	27.2237629626265	-8.10125981876819	0.98750967762533	-8.2037270138449	2.33046961878146e-16	3.9851030481163e-13
"XM_011454880.3"	27.4017820941769	4.50911524219007	0.846045532158071	5.32963661032325	9.84094733103276e-08	3.78630448561485e-05
"XM_011454889.3"	138.145475599307	0.810711726822074	0.207837713733859	3.90069594327913	9.59165570810598e-05	0.0106268371601649
"XM_011454902.3"	68.7271781213439	1.35368925782145	0.238356178166902	5.67927069578019	1.35270258074285e-08	6.60891832305795e-06
"XM_011455053.3"	42.2812669390437	-0.747175432661952	0.175067343307744	-4.26793152020661	1.97293868939254e-05	0.00339257278544706
"XM_011455219.3"	324.364566168414	6.29827222548697	0.751319269939727	8.38295046790459	5.16172011014648e-17	9.92985906189429e-14
"XM_011455306.3"	26.1512917975922	-0.816144336574235	0.213949626151181	-3.81465652105197	0.000136372479686069	0.0136283926127832
"XM_011455313.3"	59.6847287650117	-0.599605616350019	0.159241478213447	-3.76538589742497	0.000166292051243243	0.0152473839129179
"XM_011455565.3"	13.4156485144596	-1.09266693285711	0.24884439483175	-4.39096461704871	1.12848905080748e-05	0.0022555125314191
"XM_011455894.3"	13.8013124549582	0.930734663466453	0.245058491708246	3.79801025044477	0.00014586229292418	0.0141946703117263
"XM_011455935.3"	51.1921746019706	-0.963089842724106	0.156732684991333	-6.14479259879562	8.00680651815742e-10	5.24360648146565e-07
"XM_011456001.3"	151.476795428336	0.389737942661566	0.0854907497987727	4.55883172833233	5.14389644728812e-06	0.00118156069139947
"XM_011456072.3"	74.8632073104156	-0.700812036987209	0.186324616994301	-3.7612423322928	0.000169071529796352	0.0153393075878925
"XM_011456091.3"	3.71518244970806	-4.21241718430787	1.20135410342792	-3.50639097355912	0.000454227478810827	0.0297888122325494
"XM_011456107.3"	337.068304913554	-1.5694661513827	0.125128517280853	-12.542833444274	4.35153537107442e-36	6.69701293608354e-32
"XM_011456110.3"	5.47602747634221	-4.09739651218206	1.16281149668862	-3.5236979715546	0.000425569045705549	0.0287259105851245
"XM_011456111.3"	229.802186139188	-1.38105961973351	0.0950971942489178	-14.5226116358236	8.71264465175568e-48	2.6817520238104e-43
"XM_011456293.3"	6.61157663435236	-1.47772927218934	0.349389263118031	-4.22946389079544	2.3424887234909e-05	0.00392946742574625
"XM_011456384.3"	616.089599442426	1.79225632006316	0.309591338704263	5.78910355685117	7.07630626244436e-09	3.86358318740329e-06
"XM_011456565.3"	64.7433576857958	-0.608500319181167	0.16082085479011	-3.78371524001243	0.000154504587690121	0.0145432758688133
"XM_011456757.3"	7.62473846544642	-3.54442661570194	0.670183841843671	-5.28873779760378	1.2316329391105e-07	4.39791176881155e-05
"XM_011456825.3"	14.0875004014302	-0.956335211237734	0.251559484630547	-3.80162653235778	0.000143749295018846	0.0140463596846987
"XM_011456828.3"	41.3571753153181	-0.98889903720386	0.222428287759798	-4.44592298562214	8.75152990629937e-06	0.00180786637930131
"XM_011456964.3"	28.3262316958638	-2.51435191656477	0.472686120021173	-5.31928442589375	1.04176167448495e-07	3.92787456808487e-05
"XM_011457389.3"	1044.89826343434	0.830277653925965	0.223017843808724	3.72292028183211	0.000196931715113626	0.0169317267910542
"XM_011457628.3"	24.7517220454109	-1.2875293953275	0.312354099529289	-4.12201855928183	3.75566934466728e-05	0.00565190656194031
"XM_011457656.3"	1729.73243202218	9.07338214769706	0.863884793791711	10.5030001834767	8.36775291963034e-26	4.29265724777036e-22
"XM_011457739.3"	168.363059489664	-1.22091397692385	0.236644347569406	-5.1592780028932	2.47903975955967e-07	8.57357795497153e-05
"XM_011457784.3"	5.36096312408943	-2.64477069379252	0.747098758061382	-3.5400549997638	0.000400043653098897	0.0273629858719646
"XM_011457800.3"	13.4964146902927	-6.35573409819438	1.7398854692596	-3.65296119226689	0.000259233422393459	0.0206715148737582
"XM_011458560.3"	18.9643601001238	0.634870514017906	0.189346817846383	3.35295053404582	0.000799549948823762	0.0436350131645309
"XM_011458845.3"	45.0235423307617	-0.891991830727259	0.249530892822217	-3.57467494560994	0.000350663278650344	0.0251594771954722
"XM_020062944.2"	6.03067656406217	2.77345871566196	0.718355339415437	3.86084513260368	0.000112995508949369	0.0118494818892141
"XM_020063357.2"	50.6827036256253	0.509657841859441	0.146346279694278	3.48254730440796	0.000496667462864739	0.0315204629009828
"XM_020064854.2"	10.0204256198798	-1.24090513820285	0.311953132551647	-3.97785759691772	6.95389953625003e-05	0.00829616386534015
"XM_020065965.2"	11.7868252647101	-1.09697917551247	0.31594241107747	-3.47208585188483	0.000516431155042379	0.032445587135627
"XM_020066097.2"	4.60605100426856	4.91098611486644	1.37278770256797	3.57738207129903	0.000347052710942008	0.0249586038383061
"XM_020066098.2"	44.4531381914107	-2.49214402123677	0.592385420748055	-4.20696380084731	2.58824581063636e-05	0.00423756415166953
"XM_020066456.2"	4.5697434815854	5.83600840130561	1.58642127066132	3.67872551209099	0.000234402375592202	0.0192911901623742
"XM_020066648.2"	3.73873239365009	4.06096539591852	0.990375255635518	4.1004309960396	4.12381389282066e-05	0.00593135474864578
"XM_020066761.2"	150.750032512989	-0.525334479496551	0.150316758048146	-3.49484971814178	0.000474328749422908	0.0305326178637172
"XM_020066967.2"	6.05247129433113	1.90499814171268	0.565308849429163	3.3698360526928	0.000752129184106423	0.0421685542564585
"XM_020067267.2"	16.0791882802368	1.35802823716951	0.409217337649358	3.31859897474128	0.000904702545290216	0.0474390874685398
"XM_020068045.2"	4.46958296186775	-3.5354482141269	0.983055102281676	-3.59638865199021	0.000322665606321498	0.0238169001500616
"XM_020068971.2"	6.59013161325037	-22.2771836527646	2.94681583389726	-7.5597475066171	4.03852534179058e-14	4.780992693089e-11
"XM_020069400.2"	1174.60318410677	0.46366405726316	0.0841919657919759	5.50722450653778	3.64535247158595e-08	1.58033731092135e-05
"XM_020069537.2"	15.4962125695074	-1.440212694569	0.430759218222587	-3.3434286107948	0.000827499821457635	0.0446849903587123
"XM_020069792.2"	56.4953435713032	0.726890161039984	0.187936397902292	3.86774552004499	0.000109846209771763	0.0116300630437537
"XM_020073627.2"	1068.4299289759	-1.91037850150292	0.351811207401888	-5.43012405889792	5.63148906589898e-08	2.22668668781008e-05
"XM_020073629.2"	6.87277952991307	-6.11581630715311	0.934079111975868	-6.54742861577994	5.8536184717766e-11	4.74143096213904e-08
"XM_020074026.2"	61.6020216416996	1.63064563302652	0.430877616707383	3.78447514978232	0.000154033296695042	0.0145432758688133
"XM_020074730.2"	17.9558718013178	-1.03461207120445	0.255762039313729	-4.04521356640947	5.22754462514002e-05	0.00676066485553823
"XM_034442975.1"	18.6530373439878	-0.863572278693057	0.242712862230109	-3.55799964929065	0.000373689812515816	0.0259057937595424
"XM_034443058.1"	22.067080276739	3.08848140279615	0.319547633314778	9.66516750807467	4.23925826343212e-22	1.44982632609379e-18
"XM_034443149.1"	32.7150453068145	0.936795158833601	0.263825263046392	3.55081673383519	0.000384037732097312	0.0265037699416038
"XM_034443357.1"	2.0805507364549	-4.13172334095776	0.714732229707186	-5.78079897509373	7.43466859681619e-09	3.87862880355936e-06
"XM_034443414.1"	5.6741204451778	1.35681593654556	0.389753203192058	3.48121817969246	0.0004991387315273	0.0316121196633957
"XM_034443437.1"	11.0095806602416	1.80537726779808	0.499395840620085	3.61512275624161	0.000300205336951243	0.0225373665155104
"XM_034443632.1"	7.38698238447047	-1.13478558851913	0.317661578411891	-3.57230985941816	0.000353846383728661	0.0252117225176564
"XM_034444094.1"	5.05121295449949	5.96852698113452	1.49792034404351	3.98454230551606	6.76103118186959e-05	0.00812908358507601
"XM_034444206.1"	6.34710741903733	6.31796166368067	1.37443839926031	4.59675869582866	4.29114099113595e-06	0.00100061605838761
"XM_034444207.1"	5.61661371451994	6.14696909190452	1.22396856919883	5.02216253471943	5.1092917028918e-07	0.000155529037787312
"XM_034444279.1"	45.0977800061793	-0.603124200890459	0.135120316442322	-4.46360855843548	8.05907372797266e-06	0.00171074682308275
"XM_034444525.1"	211.927874008189	-0.585119034990928	0.150234314052149	-3.8947096652488	9.83164194681823e-05	0.0107405423389448
"XM_034444541.1"	6.63452756302669	4.2681259866436	1.11459832609935	3.82929517001907	0.000128510794696739	0.0129266740547896
"XM_034444588.1"	84.0350707011164	3.52272749267745	0.559499304871633	6.29621424370791	3.05002749955686e-10	2.23523443896096e-07
"XM_034444608.1"	13.605051354047	0.856304424351217	0.248519839904942	3.44561796224701	0.000569755231619313	0.034919737726378
"XM_034444855.1"	16.2484810327351	-6.8654988290152	1.81744031089249	-3.77756495653152	0.000158369207370797	0.0147715278874943
"XM_034444927.1"	11.0182581053417	-3.98893953342356	0.892658040245535	-4.46860875450845	7.87299817260885e-06	0.0016946215647056
"XM_034445074.1"	1297.61994311899	0.549569353469235	0.107934571816422	5.09168975445566	3.54886459669793e-07	0.000113785471131627
"XM_034445114.1"	7.71405664880789	1.77257511332723	0.483351686832825	3.66725753031314	0.000245165845379904	0.0199108303978719
"XM_034445166.1"	82.9424901640315	-3.28034911782404	0.535470773971782	-6.12610300557114	9.00575161735988e-10	5.77493822463202e-07
"XM_034445168.1"	5.85728232147636	-2.46778788595433	0.604491878162438	-4.0824169440556	4.45697426960134e-05	0.00615182367795198
"XM_034445353.1"	107.072508797478	-0.65669096738916	0.186430049399893	-3.52245235949359	0.000427573881937355	0.0287980833392381
"XM_034445394.1"	8.87158237217604	-1.23798447679576	0.348516205106932	-3.55215757159965	0.000382085977201806	0.0264283289399362
"XM_034445622.1"	12.8674536988315	1.28788985552762	0.387389689817578	3.32453312356891	0.000885667119858796	0.047001437843541
"XM_034445729.1"	39.5648173114757	-0.792402080259319	0.228620321048505	-3.46601770404828	0.000528228495973259	0.0329126985952569
"XM_034445754.1"	21.2339439232898	8.04905007704716	2.17275728848572	3.70453254015171	0.000211780921579756	0.0179848223847253
"XM_034446150.1"	9.82489076475295	-1.03754296437565	0.272675803304466	-3.80504229492319	0.000141779962015729	0.0138980485058731
"XM_034446317.1"	7.20003618798471	2.48349542942825	0.716759522698223	3.46489352534752	0.000530441444768461	0.0329838134746934
"XM_034446360.1"	2.87419239331438	2.68076674489924	0.736655967980716	3.63910273101787	0.000273589648669375	0.0214277083614335
"XM_034446422.1"	68.7270523173558	2.12722418175203	0.632574840779696	3.36280238260831	0.000771555746337252	0.0430226193338055
"XM_034446803.1"	26.5467380653908	-0.607529048768255	0.165299555819999	-3.67532172578743	0.00023754987108222	0.0194980934184286
"XM_034446824.1"	1332.98703566366	0.272740899964522	0.0721500967163435	3.78018758639779	0.00015671024492416	0.0146612198746676
"XM_034447263.1"	7.19499290067189	-2.64210962104281	0.593419546430613	-4.45234680410337	8.49368362865673e-06	0.00179065467184969
"XM_034447633.1"	57.1065205199169	-0.404716717614917	0.119219731663776	-3.39471253597769	0.000687006932176537	0.0399170313297784
"XM_034447648.1"	65.7115416582688	-0.948628667025509	0.151891577055449	-6.24543299513709	4.22627682012496e-10	2.95647273916923e-07
"XM_034447990.1"	39.200167454189	-3.71057901951505	0.913731736437522	-4.06090635965206	4.88825759337779e-05	0.00648536934155899
"XM_034448172.1"	7.73269672716189	6.58533528900093	1.92123834689471	3.42765138934728	0.000608826733228493	0.0364585347252393
"XM_034448197.1"	16.7975378250912	1.02835244496419	0.235651843368245	4.36386335988564	1.2778541056105e-05	0.00245827183566819
"XM_034448205.1"	44.5197415889814	2.3254901354609	0.602519135288295	3.85961208410118	0.000113567159107152	0.0118494818892141
"XM_034448240.1"	35.8354770132302	-0.483843531774651	0.132432707426826	-3.65350479632829	0.000258684954042716	0.0206715148737582
"XM_034448598.1"	23.3982946987242	0.767696029484093	0.216627404663317	3.54385462299772	0.000394322611758333	0.0270317371713173
"XM_034448601.1"	132.117627398751	-0.581119015210837	0.121585340087386	-4.77951548100431	1.75718142456574e-06	0.000478637559717997
"XM_034448605.1"	9.17525464864303	1.50610447153141	0.40001086218414	3.76515893420437	0.000166443177217038	0.0152473839129179
"XM_034448759.1"	7.30231557289929	-1.63410466502421	0.463529308166536	-3.52535349164396	0.000422918038548042	0.0286727251685214
"XM_034449458.1"	12.061748136786	2.00931280203292	0.491648441433125	4.08688939636601	4.3719541187279e-05	0.00608908360970338
"XM_034449476.1"	99.8536234768939	-0.714625626837157	0.137314312241691	-5.20430547384837	1.94723473963152e-07	6.81089605521117e-05
"XM_034449510.1"	88.353424117785	0.76434909103416	0.210902333001455	3.62418509153659	0.000289873966734348	0.0220849522180278
"XM_034449561.1"	46.0286842146595	0.768677896080489	0.231594782512408	3.31906396051606	0.00090319739252891	0.0474390874685398
"XM_034449775.1"	105.49616461322	0.818382606505331	0.169447482742847	4.82971238792201	1.36730402995163e-06	0.000382596527653738
"XM_034449992.1"	55.9507274254656	1.25240087187367	0.377061894642656	3.32147291908289	0.000895436715176016	0.0472753723724147
"XM_034450019.1"	6.27105370686837	2.40237033127547	0.623194552743551	3.85492832166019	0.000115763541479135	0.0119745828288455
"XM_034450047.1"	25.3112253296585	-0.762159032320561	0.168005512870975	-4.53651204235117	5.71922252232461e-06	0.00128494649078213
"XM_034450222.1"	117.634488986027	-6.14621156026654	1.58701534592887	-3.87281167509391	0.000107586959949427	0.0115384203039838
"XM_034450223.1"	302.119668707262	-3.14089861720674	0.746004056905088	-4.21029696572596	2.55035232312282e-05	0.00419785264736473
"XM_034450567.1"	11.9091835953883	-2.81364375693076	0.644698811521841	-4.36427632042477	1.27544277619959e-05	0.00245827183566819
"XM_034450895.1"	120.739874940233	-0.389752169497063	0.0847782588252194	-4.59731274147283	4.27974977483927e-06	0.00100061605838761
"XM_034450951.1"	13.4754100346054	8.53658287761601	2.17011364223762	3.93370315335831	8.36470775108166e-05	0.00960692927530946
"XM_034451123.1"	8.37092951648649	1.21963394885717	0.355382888295949	3.43188709705545	0.000599397037166617	0.03603406407029
"XM_034451574.1"	4.39489339302947	5.05433288871469	1.15100756060085	4.391224751014	1.12713957075455e-05	0.0022555125314191
"XM_034451583.1"	17.988333235925	1.69813987032322	0.447313953368441	3.79630426803277	0.000146869221886478	0.0141946703117263
"XM_034451662.1"	9.55358998900561	-3.88354185163668	0.823500460041702	-4.71589518169791	2.40650309992262e-06	0.000617268045130151
"XM_034451680.1"	9.1783023449211	-22.7203636585109	2.94626440529839	-7.71158339273688	1.24266216001665e-14	1.66300614283968e-11
"XM_034451960.1"	9.69865765601646	-0.853127309739399	0.253108490020783	-3.37059934129174	0.000750048573443835	0.0421286406762797
"XM_034452505.1"	12.1317367015284	3.4792559777061	0.988783128500254	3.51872506459864	0.000433625833690431	0.0288896172315832
"XM_034452506.1"	12.1317367015284	3.4792559777061	0.988783128500254	3.51872506459864	0.000433625833690431	0.0288896172315832
"XM_034453221.1"	63.4082509518557	-0.638728382897025	0.148561824521419	-4.29941127173579	1.71252419390773e-05	0.00308254354903392
"XM_034453254.1"	115.103604373193	-3.24703777979301	0.566619337016073	-5.73054530205859	1.00108286326048e-08	4.96989202115444e-06
"XM_034453255.1"	260.926032706318	-1.28756984025705	0.222504083605522	-5.78672453733381	7.17721293701603e-09	3.86358318740329e-06
"XM_034453471.1"	3.9771456919194	-1.68478580341856	0.436495077932635	-3.85980481474886	0.000113477628289541	0.0118494818892141
"XM_034453633.1"	8.42081109000661	-1.50595511296876	0.386089256400846	-3.90053617914	9.59798807838154e-05	0.0106268371601649
"XM_034454002.1"	19.7618026251691	3.22672691427879	0.95228432101219	3.38840705772524	0.000702998494316504	0.0404454087010505
"XM_034454255.1"	5.33544652396332	-5.24823703867609	1.44342082779149	-3.63597153209032	0.000276934916323687	0.0215798904416281
"XM_034454272.1"	33.1754484914664	-0.931522500605537	0.241972365066854	-3.84970614453501	0.00011825961775564	0.0121334367817287
"XM_034454297.1"	32.9065330636015	1.23644002944931	0.257434094026832	4.80293814276378	1.56354198750629e-06	0.00043356596734634
"XM_034454369.1"	89.8598066297747	-0.595400802400198	0.141780518232003	-4.19945426794049	2.67559060579434e-05	0.00433445678138683
"XM_034454536.1"	8.45658581293264	1.69369668563209	0.41550574658071	4.07622926895692	4.57718905086151e-05	0.0062338884506866
"XM_034454589.1"	41.6112908995583	-0.809697349591613	0.189076577256047	-4.28237786690587	1.84906628071982e-05	0.00325224343546035
"XM_034454728.1"	1221.89836567207	0.706696356606765	0.165160909900756	4.27883545223511	1.87873683418558e-05	0.00328565453160409
"XM_034455079.1"	33.7496002152919	-0.701866408105442	0.185001039027654	-3.79385116859007	0.00014832860255566	0.0141946703117263
"XM_034455182.1"	30.671515583758	0.523099006122776	0.146126892275097	3.57975864660144	0.000343911701267478	0.0248898166925819
"XM_034455456.1"	3.89837807108083	-1.74113616788313	0.424215283463842	-4.10436925719943	4.05419470345442e-05	0.00589048824354442
"XM_034455724.1"	67.8940404697205	-1.32009009766238	0.262940489929052	-5.02048999002996	5.15398370835147e-07	0.000155529037787312
"XM_034455886.1"	177.7917180419	-0.491675280726363	0.134230978428367	-3.66290469221864	0.000249371340505646	0.0201460626266766
"XM_034455914.1"	5.12171802743097	1.18274192121123	0.348420316094152	3.39458368693868	0.000687330299050765	0.0399170313297784
"XM_034456029.1"	9.45007419100394	-2.33980624572274	0.432793529267077	-5.40628749622281	6.43444861326146e-08	2.50699149767326e-05
"XM_034456207.1"	54.2769839300773	0.532009590367107	0.133017071013245	3.99955875072706	6.34606929308535e-05	0.0077206329186232
"XM_034456217.1"	7.09235751494364	1.66633164905822	0.466651949636137	3.57082328780049	0.000355860929315957	0.0252965344211205
"XM_034456345.1"	4.04850618166993	5.68618466444677	1.14504078117571	4.96592327358706	6.83749856742116e-07	0.000200436386576403
"XM_034456594.1"	134.866974045362	0.775885775511343	0.150977360523729	5.1390868989884	2.76076712152698e-07	9.33806725281324e-05
"XM_034456595.1"	1746.59333547044	0.725993462046146	0.115991773435371	6.25900820846284	3.87433481956357e-10	2.77330292432946e-07
"XM_034456614.1"	7.24105119086535	6.49353969769015	1.65488028882613	3.92387276683092	8.71367674394423e-05	0.00989693616895215
"XM_034456624.1"	132.54570129705	-0.383626535005138	0.109553544102823	-3.50172637632864	0.000462254086986128	0.0300807205019726
"XM_034456663.1"	26.7550001524118	-4.74646706957459	1.10664836344694	-4.28904720447107	1.79441236462949e-05	0.00317425359674114
"XM_034456876.1"	844.510391984895	0.49614628603981	0.0885143388719953	5.60526455219092	2.07937111336841e-08	9.69743073779996e-06
"XM_034456917.1"	2.59539776294731	2.84252389408476	0.852177163610138	3.33560205021545	0.000851149077753872	0.0455623801969812
"XM_034456921.1"	20.1203736533689	-0.955825202806444	0.247142343818618	-3.8675088535534	0.00010995283774309	0.0116300630437537
"XM_034457089.1"	71.758052321024	-5.63292677092926	1.55715772232405	-3.61744137422517	0.000297529693335391	0.0224475594639138
"XM_034457229.1"	14.8726879540268	-4.84185166835959	1.10404891291668	-4.38554090467636	1.15697912815257e-05	0.00229753661706685
"XM_034457255.1"	2314.24814629571	0.434430511274451	0.120977485293078	3.59100298887854	0.000329407857989104	0.0242317446180279
"XM_034457257.1"	27.5622898594219	-0.870519624355314	0.178283260558154	-4.88278945331134	1.04595536923533e-06	0.000300883236122089
"XM_034457808.1"	89.5012848884064	0.764280413230874	0.219378679140507	3.4838408920375	0.000494273228243905	0.0315204629009828
"XM_034457809.1"	8.5912452411597	5.18080832405603	1.41494934650328	3.66147971081735	0.000250762723034537	0.0202054361649294
"XM_034457811.1"	660.918918771083	8.14132583334968	0.984077712358182	8.27305174287539	1.30572998065735e-16	2.36413934144902e-13
"XM_034457978.1"	6.91332713376035	2.80620653128353	0.691314007103714	4.05923574880284	4.92335884427046e-05	0.00650390494534956
"XM_034458218.1"	124.33245162117	2.1847096411195	0.553187187412172	3.94931352502874	7.83756402200638e-05	0.00924292032940063
"XM_034458316.1"	32.9904666285763	-2.98275623805364	0.896634937413466	-3.32661166054719	0.000879087913393028	0.0468137127581962
"XM_034458350.1"	6.00500292856048	-1.57261642354563	0.468964177760592	-3.35338283417558	0.000798302044737259	0.0436350131645309
"XM_034458351.1"	3.66580532229345	-1.93518151550419	0.530439219770659	-3.64826250280077	0.000264019807579507	0.0208578055027407
"XM_034458358.1"	3.22285275910703	3.22926166379499	0.946146431750647	3.41306752890238	0.000642360228249085	0.0378046803546976
"XM_034458362.1"	26.5587194774024	-1.22265981511783	0.327816396678522	-3.72970915276348	0.000191700923491525	0.016715451629091
"XM_034458699.1"	56.0128001590964	-0.529730617920214	0.145825490730475	-3.63263387811463	0.000280542938232453	0.0217509109289544
"XM_034458742.1"	111.070582540168	-0.372125918532952	0.108801771670192	-3.42021929257702	0.000625706742164662	0.0370403253244114
"XM_034458842.1"	121.274348474137	-0.959914814245534	0.265250501238695	-3.61889915292458	0.000295858896253248	0.022429893661761
"XM_034458843.1"	26.5818548227057	-2.02947481685215	0.437947688528299	-4.63405760553754	3.58567145629779e-06	0.000882935739398767
"XM_034458868.1"	16.4483091732874	0.712946814027803	0.176424659581086	4.04108368819115	5.32047657720356e-05	0.00685206146637345
"XM_034458912.1"	13.5864438818784	7.41333742484363	1.08104774736624	6.85754856148102	7.00522157293767e-12	6.16059200042919e-09
"XM_034458915.1"	89.9125729836759	-0.905891235009001	0.238709419031572	-3.79495387607301	0.000147670906346079	0.0141946703117263
"XM_034459041.1"	4.56281361804042	-2.95643761838162	0.780474992425994	-3.78799788215117	0.000151866143804761	0.0143828920194171
"XM_034459403.1"	8.34885780028817	-3.08981602962494	0.752510462192267	-4.10601072657975	4.02550795580888e-05	0.00589048824354442
"XM_034459707.1"	64.3829371605557	1.3765500017845	0.395086734383763	3.48417165646317	0.000493662763504694	0.0315204629009828
"XM_034460299.1"	50.2096443008654	-0.721744027401597	0.198236944913419	-3.64081492335761	0.000271776454707175	0.0213399981527726
"XM_034460679.1"	36.8544557016775	-1.71774260017819	0.443488569047566	-3.87325112768342	0.000107393066697749	0.0115384203039838
"XM_034460779.1"	5.11878322704198	-1.63721131304547	0.478143405483728	-3.42410100038739	0.00061683691038525	0.0367950389567015
"XM_034460988.1"	2.98476513973267	-1.95612278388551	0.565064005024804	-3.46177205854697	0.000536631440491834	0.03324405586353
"XM_034461638.1"	8.04090165405702	1.46110934114052	0.332204219333964	4.398226320153	1.09139138430739e-05	0.0022247037621842
"XM_034461819.1"	33.1345534798275	-4.7188223265489	0.852372319236715	-5.53610461068764	3.09272887167257e-08	1.35991706671545e-05
"XM_034461937.1"	16.9874708756128	-4.22947244291533	1.24685922138259	-3.39210102502626	0.000693588619126473	0.0400537667855776
"XM_034462019.1"	76.4556172279586	-0.612770222092229	0.137874854778493	-4.44439432466996	8.81398173099825e-06	0.00180862905120084
"XM_034462237.1"	25.9870216725043	-0.931063867935558	0.257428277748656	-3.61678940665802	0.000298279786248886	0.0224475594639138
"XM_034462308.1"	37.2450517028837	-4.61177842288107	1.12636131375364	-4.09440413708117	4.23255486185415e-05	0.00602686704903595
"XM_034462375.1"	7.39520358965662	-3.48296357482439	0.870752527205117	-3.99994655887335	6.3356789271282e-05	0.0077206329186232
"XM_034463330.1"	12.9676949964484	7.32295786993574	1.90682578230069	3.84039168019859	0.000122838164685037	0.0125197308245214
"XM_034463341.1"	4.51043629135538	-2.77893686316931	0.761415389556048	-3.64969883888162	0.000262547942291676	0.0208578055027407
"XM_034463907.1"	765.564343515092	0.541231252887377	0.134217525066242	4.03249316823758	5.51882198628569e-05	0.00700013983740779
"XM_034463909.1"	42.2558768528058	2.15157984522496	0.650469355386611	3.30773437273791	0.000940539738619711	0.0487769044653888
"XM_034463916.1"	43.602806509789	-0.748092128493453	0.181633840563111	-4.11868254381551	3.81044655885346e-05	0.0056934730622092
"XM_034463962.1"	28.8726593058003	2.64098653660377	0.708649730737708	3.72678690480061	0.000193936289562073	0.0168150957541426
"XM_034464015.1"	65.6231700889998	0.723822342312804	0.185857712991489	3.89449719714321	9.84026296160639e-05	0.0107405423389448
"XM_034464143.1"	2.06086956366184	2.55766247661207	0.730178352390909	3.50279143203467	0.00046040981825584	0.0300241826396499
"XM_034464492.1"	3.85976794326043	-4.25853377867033	1.17574440947435	-3.62198939187322	0.000292346112564976	0.0222183045549382
"XM_034464576.1"	12.9938121490049	-1.06870484295678	0.322136909608983	-3.31754856732809	0.000908111261399861	0.0475368446018499
"XM_034465003.1"	6.5722828040035	-3.93757371908033	1.1616123350564	-3.38974854196012	0.00069956761295509	0.0403233916231417
"XM_034465520.1"	12.1127513944112	0.853262045199816	0.242617012778425	3.51690936850778	0.000436602831718517	0.0289625757764999
"XM_034465546.1"	22.7359611985664	1.04254977889881	0.224873594013916	4.63615918743351	3.54942656664271e-06	0.000881059271945667
"XM_034465703.1"	16.0324168291784	-1.41952502314461	0.386871777164303	-3.66923902681519	0.000243273540468571	0.0198094168667265
"XM_034466028.1"	30.2608966782646	-2.98250952735926	0.638225089116831	-4.6731311228871	2.96642246075563e-06	0.000748413797885725
"XM_034466255.1"	153.233006811723	0.541568891073823	0.142950191141483	3.78851463400852	0.000151550667325256	0.0143828920194171
"XM_034466358.1"	31.0784917099585	-3.1898696166975	0.745940334229032	-4.27630665661001	1.9001943465394e-05	0.00330440576194817
"XM_034466383.1"	57.5315758508949	1.54687137231043	0.446182267658621	3.46690463614292	0.000526488642481209	0.0328708324859464
"XM_034467108.1"	8.99007172001884	2.12453371796783	0.618731444179683	3.43369282093711	0.000595418542616398	0.0360058600034042
"XM_034467233.1"	35.9443032975639	-4.91726212467326	0.557895492818676	-8.81394846878866	1.20813605569903e-18	3.09886898286801e-15
"XM_034467405.1"	4.20303884776725	-4.4022900443887	0.651420978414474	-6.75798015455943	1.39928690628452e-11	1.16405543176858e-08
"XM_034467444.1"	12.1580340171595	-0.880503247303912	0.260596174621101	-3.37880342481672	0.000728020441322757	0.0412873760769468
"XM_034467569.1"	9.13918238650736	-1.29259950927852	0.289509359189377	-4.46479351444037	8.01460080581534e-06	0.00171074682308275
"XM_034467743.1"	70.3814094378433	-1.1502586362346	0.334418815031758	-3.43957512117062	0.000582628066148263	0.0353713843708945
"XM_034467848.1"	15.3904522244348	-0.91908728759013	0.244392754093209	-3.76069777927867	0.000169440044830522	0.0153393075878925
"XM_034467900.1"	12.6547009776463	2.1667968023336	0.624069840293793	3.47204216969295	0.000516515194816673	0.032445587135627
"XM_034467910.1"	76.8856095617929	1.20050416429754	0.203443552671379	5.90092017433803	3.61479781452286e-09	2.09931088171724e-06
"XM_034468024.1"	6.73433698325453	-6.08671220485955	1.79064700061173	-3.39916924038081	0.000675908781159376	0.0394771770096501
"XM_034468098.1"	51.7355482280504	-0.728059390330906	0.208205931022924	-3.49682348986853	0.000470833253497923	0.0304250753104681
"XM_034468207.1"	11.3524658314231	-1.01943920635153	0.265756591537221	-3.83598841501829	0.000125060303030625	0.0127041456345962
"XM_034468303.1"	48.298276665102	2.2285364585902	0.571811663880606	3.89732598923606	9.72606595707774e-05	0.0107300469590987
"XM_034468386.1"	9.98405098337469	1.96767693193148	0.563096320970019	3.49438783144927	0.000475150226014313	0.0305326178637172
"XM_034468456.1"	3.50522126801614	-2.85257470033408	0.774909434029861	-3.68117172802952	0.000232164563943061	0.0192097453714178
"XM_034468483.1"	127.681416313768	-1.20578202926974	0.307265627407943	-3.92423337241324	8.70063614540053e-05	0.00989693616895215
"XM_034468505.1"	5.70377928522689	-4.53419077020175	1.36023951157106	-3.33337675580738	0.000857986736947144	0.045848666255613
"XM_034469181.1"	5.56467323051041	-1.78454117522224	0.527914871206343	-3.38035784281729	0.000723915121933921	0.0411868899318412
"XM_034469434.1"	44.7296920760645	-0.488837674893117	0.124171125962665	-3.93680633161123	8.25731938963485e-05	0.0095688481510296
"XM_034469641.1"	307.294845540136	1.22383171794284	0.307340163216642	3.98201037291755	6.83347966777837e-05	0.00818422195230421
"XM_034469689.1"	8.04579817005308	1.8101152215512	0.538359509470131	3.36227964716881	0.000773017947886717	0.0430262069366242
"XM_034469778.1"	36.3311482960233	-0.918453287285508	0.254383810464713	-3.61050212121463	0.000305604802286744	0.0228313490640436
"XM_034469790.1"	79.1404280204843	-1.4276598535234	0.245140279439327	-5.82384851966667	5.75077044510145e-09	3.21834026000405e-06
"XM_034469941.1"	6.70954593751218	-6.08124264657894	1.7968734533903	-3.38434664672963	0.000713478625783225	0.0408194648728767
"XM_034470068.1"	34.0085299114417	0.964122452836004	0.279523920591797	3.4491590229373	0.000562335430778702	0.0345482725735897
"XM_034470240.1"	53.3100513855528	0.57906241424431	0.114024080753938	5.07842212290155	3.80582371849291e-07	0.0001195339327094
"XM_034470321.1"	11.5251736499037	2.29291359024587	0.451313964021776	5.08052879599186	3.76385672745384e-07	0.000119434546464978
"XM_034470338.1"	23.2262337152971	-1.32503124557657	0.37121532240973	-3.56944114530397	0.000357743574250856	0.0253134418745778
"XM_034470402.1"	3.51295962019477	-2.01114654713499	0.60820485529067	-3.30669268691358	0.000944043980131947	0.0488364264007753
"XM_034470406.1"	2.85860725479476	5.17822753431571	1.41559855825874	3.65797740051757	0.000254213455600245	0.0203767973004571
"XM_034470452.1"	4.15834974971524	-5.39231299244569	1.29076276391101	-4.17761740825789	2.94578614237251e-05	0.00469799468716196
"XM_034470781.1"	11.9559413605106	3.73358359477552	0.918540181252648	4.06469272763211	4.80957825753587e-05	0.00642496367791381
"XM_034471023.1"	27.9417575213022	-1.09376950948494	0.310368714427288	-3.52409717423753	0.000424928381015764	0.0287259105851245
"XM_034471029.1"	19.2809547560585	7.17475780275232	1.86136404050746	3.85456989960775	0.000115933258057048	0.0119745828288455
"XM_034471052.1"	75.7769494622525	-0.72871465313834	0.203278170775384	-3.5848150854503	0.000337317112774535	0.0246618069624708
"XM_034471087.1"	46.7219219593107	-1.70485886941638	0.44035371411966	-3.87156691257772	0.000108137962758227	0.0115572447697855
"XM_034471090.1"	7.66642475432766	-1.47116614213455	0.444796281832828	-3.30750548559547	0.000941308682665399	0.0487769044653888
"XM_034471156.1"	147.83908772042	-2.4248234303129	0.586960795100152	-4.13115058204043	3.60952030531345e-05	0.00550005123750238
"XM_034471171.1"	23.5674549929713	-1.45771593933005	0.441100895202838	-3.3047222419708	0.000950705675345307	0.0489343155303153
"XM_034471181.1"	79.5467195067143	-0.760946122987302	0.199838818671536	-3.80779934572185	0.000140208965682768	0.0138118999187393
"XM_034471468.1"	1.86093142463526	-3.14831714326706	0.947640584363185	-3.32226921811578	0.000892884989160491	0.0472753723724147
"XM_034471632.1"	28.2800767936975	-0.655876230560415	0.15283555411234	-4.29138517126926	1.77562015750468e-05	0.00317425359674114
"XM_034471694.1"	16.3021706286497	4.65037045552502	1.07768607640766	4.31514385991373	1.59498999423823e-05	0.00292828312481571
"XM_034471697.1"	51.0495295125527	-2.32352954866784	0.43706030636274	-5.3162676061903	1.05917345403198e-07	3.92787456808487e-05
"XM_034471759.1"	45.3230610814603	-2.32389182004338	0.691593867349511	-3.36019726280909	0.000778868390830657	0.0431956199455272
"XM_034472096.1"	4.00348496026734	-1.43662088941758	0.424187729239429	-3.38675730199327	0.000707239226068607	0.0405378461422565
"XM_034472105.1"	5.02493352056409	-2.67871162359009	0.751294744458848	-3.56546035140915	0.000363218071904415	0.0254440437100678
"XM_034472119.1"	9.53318771075125	-1.78012842528818	0.535005678427372	-3.32730753535327	0.000876895400040933	0.046777886331473
"XM_034472167.1"	80.8185503691681	0.894378236387542	0.222199007750459	4.02512254866581	5.69456521087674e-05	0.00715423335472596
"XM_034472465.1"	13.5248363766857	-1.42978465046033	0.417808914871133	-3.42210182590606	0.000621390375035561	0.0369235439065532
"XM_034472524.1"	50.050583286443	-1.05558428980823	0.27046737001711	-3.90281566956285	9.5080113015732e-05	0.0106034995602327
"XM_034472602.1"	190.724468980592	-0.857456097073542	0.229370208730126	-3.73830630324976	0.000185264147849568	0.0164335172069444
"XM_034472902.1"	10.5530490771115	-2.88485922292705	0.711977144898704	-4.05189863691129	5.08036757661514e-05	0.00659804700456599
"XM_034473158.1"	10.9900501818556	2.5398844209583	0.477643704489736	5.31752935730964	1.05185717472061e-07	3.92787456808487e-05
"XM_034473208.1"	18.4575386545132	-0.876526879327592	0.204338518655635	-4.28958223390458	1.79009523638917e-05	0.00317425359674114
"XM_034473522.1"	29.4070272215676	-0.607057484031447	0.150589595284081	-4.03120469834758	5.54916868202567e-05	0.00700013983740779
"XM_034473839.1"	5.22981733970382	4.57748822338479	1.32903922958804	3.44420850903225	0.000572733830642576	0.0349776732285287
"XM_034474036.1"	3.19649438452297	3.41140175137433	0.954957310087552	3.5723081182148	0.000353848737089915	0.0252117225176564
"XM_034474325.1"	16.8933108326664	-2.27877100977773	0.665845279938085	-3.42237315249817	0.000620770552951804	0.0369235439065532
"XM_034474636.1"	16.1745934484495	3.1377502573813	0.54245724379227	5.78432732402201	7.28030620108482e-09	3.86358318740329e-06
"XM_034474649.1"	7.34005607395769	-1.54004258382001	0.453308077039149	-3.39734203255109	0.000680438608091272	0.0396664779489571
"XM_034474866.1"	2.92941893430097	-3.20952712043526	0.86118837384225	-3.7268583946573	0.000193881312503961	0.0168150957541426
"XM_034474911.1"	7.0622215663368	-2.32165472471571	0.605754924272064	-3.83266339519343	0.000126763348841531	0.0128217480909424
"XM_034475156.1"	15.5675832376773	-6.55940799415495	1.51361712911275	-4.33359788812641	1.46692009478757e-05	0.00273647275864009
"XM_034475157.1"	10.5656592373442	-4.58521592049813	1.09896083756241	-4.17231967125282	3.01514209109902e-05	0.0047592858237963
"XM_034475818.1"	35.3694801362829	0.854255728420483	0.239321032811205	3.56949708258356	0.000357667200420271	0.0253134418745778
"XM_034476264.1"	10.7824332647895	3.5674534125699	0.968971565932085	3.68169050361994	0.000231692569157449	0.0192097453714178
"XM_034476388.1"	12.5385993322448	-1.07945440350824	0.309523399291576	-3.48747269504937	0.000487608710227961	0.031267908543368
"XM_034476392.1"	54.9205926305752	-8.87261598753983	1.73604999629965	-5.11080672011267	3.20786042871003e-07	0.000103934677890205
"XM_034476517.1"	2.83452075868501	-2.36323181741765	0.675895391389365	-3.4964461180299	0.000471499705103746	0.0304250753104681
"XM_034476550.1"	6.90649724057795	-1.64468274963984	0.425841082824108	-3.86219840211887	0.000112371247909199	0.0118451609953601
"XM_034476829.1"	7.58357472492618	-6.25727561466552	1.80281418856195	-3.47083779036417	0.000518837316255559	0.0324760163102314
"XM_034476955.1"	19.7921105189435	7.94663485375872	1.94884811663817	4.07760604118648	4.55017793828075e-05	0.0062338884506866
"XM_034477015.1"	16.3333289053569	1.19229050100688	0.305390185554694	3.90415461073601	9.45553213894604e-05	0.0105833192449731
"XM_034477591.1"	21.362112795031	-1.01779500414387	0.292418894561069	-3.48060615464543	0.000500280533019344	0.0316193733189639
"XM_034478134.1"	3.51126448109463	-2.56779903657773	0.676623436500703	-3.79501935353825	0.000147631939613677	0.0141946703117263
"XM_034478177.1"	266.028783909355	-0.708076712418104	0.17463343757199	-4.05464567532325	5.02103522189083e-05	0.00657648783531063
"XM_034478323.1"	9.07394731372595	1.62735064477982	0.35306678927019	4.60918640391994	4.04247776661239e-06	0.000964553997335887
"XM_034478424.1"	86.1271104345384	-0.993311369508226	0.300725935660071	-3.30304523727886	0.000956409577256328	0.0489884276963783
"XM_034478793.1"	4.35092531278738	-3.10045073535773	0.864101763737504	-3.58806203791013	0.00033314503069564	0.0244147715352662
"XM_034478830.1"	2.10088534315968	4.49769481196444	0.877720943504723	5.12428790180763	2.98664333096792e-07	9.88482599217125e-05
"XM_034479290.1"	16.1406171933532	-3.10713804147175	0.760031089676055	-4.0881722914731	4.34785198637809e-05	0.00608908360970338
"XM_034479293.1"	14.3904921029735	7.50392631191649	0.884839745146084	8.48054843047044	2.24134913666819e-17	4.59924842844313e-14
"XM_034479294.1"	38.8511689000228	-3.68501667469914	0.797877294167211	-4.61852555729813	3.86476385289994e-06	0.000936672688128032
"XM_034479721.1"	35.3473305848994	2.92189533313802	0.656814035670702	4.44858845038891	8.64364537587158e-06	0.00179861937359899
"XM_034480222.1"	145.146369568619	-0.952023405979608	0.259835745956621	-3.66394316715201	0.000248361916106195	0.0201173152046018
"XM_034480229.1"	203.900268514133	1.34647292550569	0.408679930346318	3.29468815452885	0.000985309570424573	0.0498853107213599
"XM_034480331.1"	41.2623331963119	-4.85109922488155	1.33448136386813	-3.63519443300439	0.00027777105985641	0.0215903869252028
"XM_034480902.1"	15.5041861159311	7.33493560304191	1.88308273262568	3.89517437336087	9.81281099693697e-05	0.0107405423389448
"XM_034481530.1"	11.1970299161827	-2.68975350611029	0.796097447942319	-3.37867369511424	0.000728364041903252	0.0412873760769468
"XM_034481710.1"	11.1831699162967	4.43687509263835	0.580546228314069	7.64258706067771	2.12899949935851e-14	2.73044185792729e-11
"XM_034481737.1"	3.52739522932264	-1.98968090628425	0.484817386673725	-4.10398009843504	4.06102413496081e-05	0.00589048824354442
"XM_034481740.1"	126.093784209177	0.620526686485272	0.126902491185595	4.88979121440375	1.00942985553947e-06	0.000293115575033064
"XM_034481838.1"	3.26754809907002	-2.44446584527813	0.546974234669123	-4.46906945581603	7.85606198637034e-06	0.0016946215647056
"XM_034481860.1"	29.9107141712779	-0.816351189983279	0.241251643428752	-3.38381607843583	0.000714858723243685	0.0408225445295744
"XM_034481868.1"	7.70746799476658	-1.37815660474037	0.369161946015852	-3.73320332611202	0.000189059852559018	0.0166264636050473
"XM_034481890.1"	4.37913689730554	-3.06415239829716	0.91033521486288	-3.36596052560562	0.000762776231695685	0.0426102584602417
"XM_034482247.1"	10.3944184679564	-1.51487834459383	0.370649557357421	-4.0870906615788	4.3681645257625e-05	0.00608908360970338
"XM_034482265.1"	7.57108927568508	-1.23665367883578	0.300806496600953	-4.11112689655873	3.93732720447891e-05	0.00582648708432023
"XM_034482414.1"	14.3793350562377	2.07833270519154	0.560460770298138	3.70825723285853	0.000208690603217412	0.0177936198532741
"XM_034482422.1"	16.5880136217419	1.95140932329946	0.54711031159037	3.56675661554795	0.000361426871026047	0.0254440437100678
"XM_034482608.1"	3.47079030666503	-1.52461469404137	0.45844301578121	-3.32563621117306	0.000882169846675934	0.0468966975486792
"XM_034482887.1"	50.3637853773077	-2.45182613311315	0.24531600643193	-9.99456239637377	1.60996743682457e-23	6.19434971318253e-20
"XM_034482954.1"	47.9075167843401	-2.10105597469083	0.627720150703859	-3.34712207714685	0.000816552426076125	0.0443271317012754
"XM_034483005.1"	9.66695128139627	-5.61957672521434	1.66384383816882	-3.37746644023943	0.000731568794681871	0.0413928079049779
"XM_034483031.1"	29.428430064593	-3.26224784764358	0.565624775005311	-5.76751230108855	8.0450214703584e-09	4.12709601429386e-06
"XM_034483390.1"	25.4889166261829	0.516196599311188	0.153776523779072	3.35679716660001	0.00078850935224401	0.0434468403544166
"XM_034483436.1"	5.39154846848601	-5.76488486906883	1.28993837480039	-4.46911649555422	7.85433468437095e-06	0.0016946215647056
"XM_034483547.1"	4.1955150043023	-2.91199605974593	0.802523170072856	-3.62855076132141	0.000285016713847874	0.0219320361305939
"XM_034483593.1"	7.03346558237907	-2.86165298191459	0.809364425584124	-3.53567922119794	0.000406728248801758	0.0276359724020267
"XR_004596035.1"	3.34863304283132	5.28255637313206	1.13860129930271	4.63951374055796	3.49229916712574e-06	0.000873926572066099
"XR_004596351.1"	39.3485684342567	0.698100246005488	0.204914433931711	3.40678903194362	0.00065731912999469	0.0384644160099554
"XR_004596743.1"	73.7739704596137	-0.670335973475986	0.170625267784187	-3.92870283622851	8.54052973251656e-05	0.0097723979615933
"XR_004596906.1"	23.6217688288135	-0.829637204364025	0.218756141288714	-3.7925207469676	0.000149125787130469	0.0142108103030212
"XR_004596944.1"	3.62100639360928	2.19563327713137	0.653947189356676	3.35750854635729	0.000786483120838188	0.0434468403544166
"XR_004597263.1"	12.1100976144692	-0.833764231955459	0.252366182434183	-3.30378747228902	0.000953881156283027	0.0489884276963783
"XR_004597797.1"	482.451699792247	4.04467491121172	0.342169209966168	11.8206863546011	3.05180925297314e-32	3.13115629355044e-28
"XR_004598294.1"	50.7023112967363	0.755982453102685	0.22163833173244	3.41088315903452	0.000647528330569048	0.0380361107154872
"XR_004598549.1"	18.6666978356706	-1.61370192879479	0.262527743880649	-6.14678625939212	7.90685609863734e-10	5.24360648146565e-07
"XR_004598733.1"	2.5893655780579	3.80641173457052	0.701026343238493	5.42976989564507	5.64267581706258e-08	2.22668668781008e-05
"XR_004598744.1"	2.5893655780579	3.80641173457052	0.701026343238493	5.42976989564507	5.64267581706258e-08	2.22668668781008e-05
"XR_004598752.1"	2.5893655780579	3.80641173457052	0.701026343238493	5.42976989564507	5.64267581706258e-08	2.22668668781008e-05
"XR_004599693.1"	2.79772834718952	3.87287059620173	0.768486889268073	5.03960529488064	4.66492921581912e-07	0.000145036890164558
"XR_004599841.1"	59.8272050444976	0.778287983509168	0.188085131961317	4.13795591067366	3.50413683203119e-05	0.00539286658449599
"XR_004600141.1"	22.6696377845969	-0.645076538644584	0.194500378661494	-3.31658243075848	0.000911257011837317	0.0476205277153695
"XR_004600166.1"	15.722735012864	-1.92749958279356	0.515926120602719	-3.73599921737206	0.000186971248880564	0.0165372845992637
"XR_004600498.1"	106.403259216021	1.02427955932303	0.304182572897923	3.36731834951885	0.000759030123362048	0.0424780858128797
"XR_004600500.1"	102.418625515765	1.14256308430372	0.299914656563839	3.80962736997989	0.000139176393629181	0.0138070461867009
"XR_004600655.1"	3.14099298155161	-1.78157230119508	0.531127536664716	-3.35432109655374	0.000795599815296139	0.0436350131645309
"XR_004601051.1"	81.299442652151	-4.47831303665592	0.738104991561364	-6.06731168039202	1.30068989862394e-09	8.00704701592897e-07
"XR_004601053.1"	8.61218350995617	-5.1530594412817	0.874846862454509	-5.89024166678046	3.85631261518539e-09	2.19809819065567e-06
"XR_004601648.1"	277.385545292016	0.699359616610696	0.0820794857933158	8.52051654382622	1.58843274964377e-17	3.76092000261809e-14
"XR_004602054.1"	16.7862726488557	0.974380264306125	0.270426838834944	3.60311967741058	0.00031442067212324	0.0233753358778511
"XR_004602139.1"	11.3298231941988	-1.14853449345931	0.347433288169305	-3.30576986307551	0.000947158468017987	0.0489003786412689
"XR_004602422.1"	6.3661342070723	-2.65691063066054	0.649951581180548	-4.08785932305084	4.35372016661681e-05	0.00608908360970338
"XR_004602535.1"	43.1652144859286	5.40581219846007	0.886407872389425	6.09856068165101	1.07027768365248e-09	6.72309124547416e-07
"XR_004602542.1"	35.0652827390436	3.93132278151022	0.501909241320372	7.83273639506636	4.77364495536569e-15	7.3466395863078e-12
"XR_004602869.1"	108.196082686517	-0.639664344640641	0.124964492760558	-5.11876878391599	3.07536712283236e-07	0.000100701914937
"XR_004603302.1"	50.2541534462025	-0.963248314706784	0.280661568242921	-3.43206346610686	0.00059900736123222	0.03603406407029
"XR_004604213.1"	195.570179772757	0.550759549226877	0.157021040599118	3.50755253643358	0.000452249045013483	0.029744071806656
"XR_898264.3"	191.550483905279	0.622244003478486	0.161806071436154	3.84561591512352	0.00012025000040877	0.0122966611713686
"XR_901070.3"	6.51959758360986	-2.29213915094365	0.559826492345444	-4.09437420751656	4.23310159976073e-05	0.00602686704903595
"XR_902175.3"	61.4731851979656	2.25829930883344	0.425974165471962	5.30149359253121	1.14859080167848e-07	4.20876486615045e-05
"XR_903526.3"	17.5631818416824	-1.97740890262766	0.521252435936637	-3.79357249251883	0.0001484952514742	0.0141946703117263
